site ns_changes       s_changes        ns_sites         s_sites          
1    0.0              0.00475059382423 0.00475059382423 0.00237529691211 
2    0.0              0.00237529691211 0.00475059382423 0.00237529691211 
3    0.0              0.00712589073634 0.00546198503151 0.00166390570483 
4    0.0              0.00950118764846 0.00558206477736 0.00154382595898 
5    0.0              0.0142517814727  0.00475059382423 0.00237529691211 
6    0.0              0.00237529691211 0.00493019615587 0.00219569458047 
7    0.0              0.00237529691211 0.00475059382423 0.00237529691211 
8    0.0              0.00237529691211 0.00547065750716 0.00165523322918 
9    0.0              0.00950118764846 0.00493436955286 0.00219152118348 
10   0.0              0.00475059382423 0.00475059382423 0.00237529691211 
11   0.00237529691211 0.0118764845606  0.00475308830939 0.00237280242695 
12   0.0              0.0118764845606  0.00545508032049 0.00167081041585 
13   0.00237529691211 0.00475059382423 0.00475059382423 0.00237529691211 
14   0.0              0.0              0.00475059382423 0.00237529691211 
15   0.0              0.00712589073634 0.00511097632553 0.00201491441081 
16   0.00237529691211 0.0190023752969  0.0047528777924  0.00237301294394 
17   0.00712589073634 0.00950118764846 0.00323571546185 0.00389017527449 
18   0.00950118764846 0.00237529691211 0.00590844840743 0.00121744232892 
19   0.00237529691211 0.00237529691211 0.00594548929838 0.00118040143797 
20   0.00712589073634 0.00237529691211 0.0048842158993  0.00224167483704 
21   0.00475059382423 0.00237529691211 0.00470449319741 0.00242139753894 
22   0.0              0.0              0.00475059382423 0.00237529691211 
23   0.00712589073634 0.00950118764846 0.00527386482772 0.00185202590863 
24   0.00237529691211 0.00712589073634 0.00494187788175 0.00218401285459 
25   0.00237529691211 0.00237529691211 0.00475059382423 0.00237529691211 
26   0.00237529691211 0.00712589073634 0.00558040119984 0.0015454895365  
27   0.00475059382423 0.00712589073634 0.00497245101003 0.00215343972631 
28   0.0380047505938  0.00475059382423 0.00556456217265 0.00156132856369 
29   0.00237529691211 0.00237529691211 0.00475368648777 0.00237220424858 
30   0.00475059382423 0.00237529691211 0.00594182836374 0.0011840623726  
31   0.021377672209   0.0142517814727  0.00592310639615 0.00120278434019 
32   0.0              0.00237529691211 0.00547025579051 0.00165563494583 
33   0.0              0.00950118764846 0.00546299747947 0.00166289325687 
34   0.00237529691211 0.0118764845606  0.00557889135803 0.00154699937831 
35   0.0166270783848  0.0              0.00547645074673 0.00164943998961 
36   0.00712589073634 0.00475059382423 0.00557587370301 0.00155001703333 
37   0.00475059382423 0.00712589073634 0.00546464746292 0.00166124327343 
38   0.0              0.0118764845606  0.00475059382423 0.00237529691211 
39   0.00712589073634 0.00237529691211 0.00547649866253 0.00164939207381 
40   0.00237529691211 0.00475059382423 0.00494041228824 0.00218547844811 
41   0.0237529691211  0.00237529691211 0.00481467870521 0.00231121203113 
42   0.00237529691211 0.00237529691211 0.00594426709235 0.00118162364399 
43   0.0166270783848  0.00712589073634 0.0047697537978  0.00235613693854 
44   0.00950118764846 0.0166270783848  0.00475503761675 0.00237085311959 
45   0.00237529691211 0.00712589073634 0.00594363568713 0.00118225504921 
46   0.0356294536817  0.00475059382423 0.00498446130169 0.00214142943465 
47   0.0130641330166  0.00593824228029 0.00593212451515 0.00119376622119 
48   0.00950118764846 0.0              0.00593647329944 0.0011894174369  
49   0.0106888361045  0.0083135391924  0.00550436200416 0.00162152873219 
50   0.00712589073634 0.00712589073634 0.00527474579636 0.00185114493998 
51   0.0285035629454  0.00237529691211 0.00513365225878 0.00199223847757 
52   0.0190023752969  0.0261282660333  0.00493513480016 0.00219075593618 
53   0.0261282660333  0.00475059382423 0.00478789530404 0.0023379954323  
54   0.00950118764846 0.0118764845606  0.00558287894376 0.00154301179259 
55   0.0142517814727  0.00475059382423 0.00584736214012 0.00127852859622 
56   0.0237529691211  0.0190023752969  0.00554427775899 0.00158161297735 
57   0.0142517814727  0.00712589073634 0.00543532155896 0.00169056917738 
58   0.00475059382423 0.00950118764846 0.00493663038935 0.00218926034699 
59   0.0142517814727  0.0              0.00593900727501 0.00118688346133 
60   0.00712589073634 0.00237529691211 0.00594028555569 0.00118560518065 
61   0.0285035629454  0.0              0.00476404458514 0.0023618461512  
62   0.0261282660333  0.00950118764846 0.00550059549831 0.00162529523803 
63   0.0142517814727  0.00712589073634 0.00491460346674 0.0022112872696  
64   0.00950118764846 0.00475059382423 0.00325906457956 0.00386682615678 
65   0.00237529691211 0.00237529691211 0.00594304099546 0.00118284974088 
66   0.021377672209   0.00950118764846 0.00528176417995 0.00184412655639 
67   0.0285035629454  0.00950118764846 0.00602167178113 0.00110421895521 
68   0.0142517814727  0.0166270783848  0.00561054375027 0.00151534698607 
69   0.020190023753   0.00593824228029 0.00556513746174 0.0015607532746  
70   0.0225653206651  0.0154394299287  0.00490097169906 0.00222491903729 
71   0.00950118764846 0.00950118764846 0.00593774571639 0.00118814501995 
72   0.0237529691211  0.00712589073634 0.00480342875784 0.0023224619785  
73   0.0118764845606  0.00475059382423 0.00554591206459 0.00157997867175 
74   0.00950118764846 0.00475059382423 0.00593766920887 0.00118822152747 
75   0.0332541567696  0.00237529691211 0.00478090968351 0.00234498105284 
76   0.0332541567696  0.00475059382423 0.00484201599849 0.00228387473786 
77   0.00950118764846 0.00712589073634 0.00549363825879 0.00163225247756 
78   0.021377672209   0.00950118764846 0.00593903754513 0.00118685319121 
79   0.0166270783848  0.00475059382423 0.005916703741   0.00120918699534 
80   0.021377672209   0.00475059382423 0.00479035988864 0.00233553084771 
81   0.00475059382423 0.00950118764846 0.00593582401272 0.00119006672363 
82   0.00712589073634 0.00237529691211 0.00554191741115 0.00158397332519 
83   0.021377672209   0.0              0.00594682395506 0.00117906678129 
84   0.0356294536817  0.0118764845606  0.00481478841054 0.0023111023258  
85   0.0083135391924  0.00118764845606 0.00476850346056 0.00235738727578 
86   0.0285035629454  0.00950118764846 0.00548384044429 0.00164205029205 
87   0.0190023752969  0.0118764845606  0.00583474174096 0.00129114899538 
88   0.021377672209   0.00475059382423 0.00593045937855 0.00119543135779 
89   0.0332541567696  0.0118764845606  0.00558481301515 0.00154107772119 
90   0.0225653206651  0.00593824228029 0.00556253079364 0.0015633599427  
91   0.00475059382423 0.00712589073634 0.00557080686412 0.00155508387222 
92   0.0344418052257  0.00593824228029 0.00480116450258 0.00232472623376 
93   0.0118764845606  0.0              0.00709348703153 3.24037048149e-05
94   0.0142517814727  0.00475059382423 0.0047548334208  0.00237105731554 
95   0.00950118764846 0.0              0.0048895302314  0.00223636050494 
96   0.0190023752969  0.00950118764846 0.00493567633617 0.00219021440017 
97   0.0237529691211  0.00475059382423 0.00590114013048 0.00122475060586 
98   0.021377672209   0.0              0.00694894117353 0.000176949562811
99   0.0142517814727  0.0              0.0046937937715  0.00243209696484 
100  0.00475059382423 0.00237529691211 0.00585622399107 0.00126966674527 
